<<< WARNING: using fake raspberry pi interfaces >>>
<<< Using: <class 'nxp_imu.I2C.SMBus'> >>>
nxp_imu.I2C.SMBus.__init__(1,)
nxp_imu.I2C.SMBus.write_byte_data(31, 42, 0)
nxp_imu.I2C.SMBus.write_byte_data(31, 14, 1)
nxp_imu.I2C.SMBus.write_byte_data(31, 43, 2)
nxp_imu.I2C.SMBus.write_byte_data(31, 42, 21)
nxp_imu.I2C.SMBus.write_byte_data(31, 91, 31)
nxp_imu.I2C.SMBus.write_byte_data(31, 92, 32)
========================================
FXOS8700
  Accelerometer:
    Addr: 0x1F
    Range: +/- 4 G
  Magnetometer:
    Range: +/- 1200
  Temperature: -57 C
<<< WARNING: using fake raspberry pi interfaces >>>
<<< Using: <class 'nxp_imu.I2C.SMBus'> >>>
nxp_imu.I2C.SMBus.__init__(1,)
nxp_imu.I2C.SMBus.write_byte_data(33, 13, 0)
nxp_imu.I2C.SMBus.write_byte_data(33, 19, 10)
========================================
FXAS21002C Gyro
  Addr: 0x21
  Range: +/- 2000dps
  Temperature: -41 C
-------------------------------------------------------------------
| Accels [g's]      |  Magnet [uT]         | Gyros [dps]          |
-------------------------------------------------------------------
nxp_imu.I2C.SMBus.read_i2c_block_data(31, 1, 12): [170, 170, 170, 170, 170, 170, 170, 170, 170, 170, 170, 170]
nxp_imu.I2C.SMBus.read_i2c_block_data(33, 1, 6): [243, 243, 243, 243, 243, 243]
| -2.67 -2.67 -2.67 | -2184.6 -2184.6 -2184.6 | -192.8 -192.8 -192.8 |
nxp_imu.I2C.SMBus.read_i2c_block_data(31, 1, 12): [126, 126, 126, 126, 126, 126, 126, 126, 126, 126, 126, 126]
nxp_imu.I2C.SMBus.read_i2c_block_data(33, 1, 6): [224, 224, 224, 224, 224, 224]
|  3.95  3.95  3.95 | 3238.2 3238.2 3238.2 | -498.0 -498.0 -498.0 |
nxp_imu.I2C.SMBus.read_i2c_block_data(31, 1, 12): [8, 8, 8, 8, 8, 8, 8, 8, 8, 8, 8, 8]
nxp_imu.I2C.SMBus.read_i2c_block_data(33, 1, 6): [56, 56, 56, 56, 56, 56]
|  0.25  0.25  0.25 |  205.6  205.6  205.6 |  899.5  899.5  899.5 |
nxp_imu.I2C.SMBus.read_i2c_block_data(31, 1, 12): [199, 199, 199, 199, 199, 199, 199, 199, 199, 199, 199, 199]
nxp_imu.I2C.SMBus.read_i2c_block_data(33, 1, 6): [61, 61, 61, 61, 61, 61]
| -1.76 -1.76 -1.76 | -1439.3 -1439.3 -1439.3 |  979.8  979.8  979.8 |
nxp_imu.I2C.SMBus.read_i2c_block_data(31, 1, 12): [61, 61, 61, 61, 61, 61, 61, 61, 61, 61, 61, 61]
nxp_imu.I2C.SMBus.read_i2c_block_data(33, 1, 6): [112, 112, 112, 112, 112, 112]
|  1.91  1.91  1.91 | 1567.7 1567.7 1567.7 | 1799.0 1799.0 1799.0 |
nxp_imu.I2C.SMBus.read_i2c_block_data(31, 1, 12): [31, 31, 31, 31, 31, 31, 31, 31, 31, 31, 31, 31]
nxp_imu.I2C.SMBus.read_i2c_block_data(33, 1, 6): [242, 242, 242, 242, 242, 242]
|  0.97  0.97  0.97 |  796.7  796.7  796.7 | -208.9 -208.9 -208.9 |
nxp_imu.I2C.SMBus.read_i2c_block_data(31, 1, 12): [237, 237, 237, 237, 237, 237, 237, 237, 237, 237, 237, 237]
nxp_imu.I2C.SMBus.read_i2c_block_data(33, 1, 6): [236, 236, 236, 236, 236, 236]
| -0.56 -0.56 -0.56 | -462.7 -462.7 -462.7 | -305.2 -305.2 -305.2 |
nxp_imu.I2C.SMBus.read_i2c_block_data(31, 1, 12): [74, 74, 74, 74, 74, 74, 74, 74, 74, 74, 74, 74]
nxp_imu.I2C.SMBus.read_i2c_block_data(33, 1, 6): [152, 152, 152, 152, 152, 152]
|  2.32  2.32  2.32 | 1901.8 1901.8 1901.8 | -1654.5 -1654.5 -1654.5 |
nxp_imu.I2C.SMBus.read_i2c_block_data(31, 1, 12): [236, 236, 236, 236, 236, 236, 236, 236, 236, 236, 236, 236]
nxp_imu.I2C.SMBus.read_i2c_block_data(33, 1, 6): [139, 139, 139, 139, 139, 139]
| -0.60 -0.60 -0.60 | -488.4 -488.4 -488.4 | -1863.3 -1863.3 -1863.3 |
nxp_imu.I2C.SMBus.read_i2c_block_data(31, 1, 12): [32, 32, 32, 32, 32, 32, 32, 32, 32, 32, 32, 32]
nxp_imu.I2C.SMBus.read_i2c_block_data(33, 1, 6): [3, 3, 3, 3, 3, 3]
|  1.00  1.00  1.00 |  822.4  822.4  822.4 |   48.2   48.2   48.2 |
nxp_imu.I2C.SMBus.read_i2c_block_data(31, 1, 12): [148, 148, 148, 148, 148, 148, 148, 148, 148, 148, 148, 148]
nxp_imu.I2C.SMBus.read_i2c_block_data(33, 1, 6): [71, 71, 71, 71, 71, 71]
| -3.35 -3.35 -3.35 | -2750.0 -2750.0 -2750.0 | 1140.4 1140.4 1140.4 |
nxp_imu.I2C.SMBus.read_i2c_block_data(31, 1, 12): [76, 76, 76, 76, 76, 76, 76, 76, 76, 76, 76, 76]
nxp_imu.I2C.SMBus.read_i2c_block_data(33, 1, 6): [114, 114, 114, 114, 114, 114]
|  2.38  2.38  2.38 | 1953.2 1953.2 1953.2 | 1831.1 1831.1 1831.1 |
nxp_imu.I2C.SMBus.read_i2c_block_data(31, 1, 12): [161, 161, 161, 161, 161, 161, 161, 161, 161, 161, 161, 161]
nxp_imu.I2C.SMBus.read_i2c_block_data(33, 1, 6): [56, 56, 56, 56, 56, 56]
| -2.95 -2.95 -2.95 | -2415.9 -2415.9 -2415.9 |  899.5  899.5  899.5 |
nxp_imu.I2C.SMBus.read_i2c_block_data(31, 1, 12): [118, 118, 118, 118, 118, 118, 118, 118, 118, 118, 118, 118]
nxp_imu.I2C.SMBus.read_i2c_block_data(33, 1, 6): [32, 32, 32, 32, 32, 32]
|  3.70  3.70  3.70 | 3032.6 3032.6 3032.6 |  514.0  514.0  514.0 |
nxp_imu.I2C.SMBus.read_i2c_block_data(31, 1, 12): [201, 201, 201, 201, 201, 201, 201, 201, 201, 201, 201, 201]
nxp_imu.I2C.SMBus.read_i2c_block_data(33, 1, 6): [119, 119, 119, 119, 119, 119]
| -1.69 -1.69 -1.69 | -1387.9 -1387.9 -1387.9 | 1911.4 1911.4 1911.4 |
nxp_imu.I2C.SMBus.read_i2c_block_data(31, 1, 12): [117, 117, 117, 117, 117, 117, 117, 117, 117, 117, 117, 117]
nxp_imu.I2C.SMBus.read_i2c_block_data(33, 1, 6): [64, 64, 64, 64, 64, 64]
|  3.67  3.67  3.67 | 3006.9 3006.9 3006.9 | 1028.0 1028.0 1028.0 |
nxp_imu.I2C.SMBus.read_i2c_block_data(31, 1, 12): [156, 156, 156, 156, 156, 156, 156, 156, 156, 156, 156, 156]
nxp_imu.I2C.SMBus.read_i2c_block_data(33, 1, 6): [107, 107, 107, 107, 107, 107]
| -3.10 -3.10 -3.10 | -2544.4 -2544.4 -2544.4 | 1718.7 1718.7 1718.7 |
nxp_imu.I2C.SMBus.read_i2c_block_data(31, 1, 12): [65, 65, 65, 65, 65, 65, 65, 65, 65, 65, 65, 65]
nxp_imu.I2C.SMBus.read_i2c_block_data(33, 1, 6): [85, 85, 85, 85, 85, 85]
|  2.04  2.04  2.04 | 1670.5 1670.5 1670.5 | 1365.3 1365.3 1365.3 |
nxp_imu.I2C.SMBus.read_i2c_block_data(31, 1, 12): [174, 174, 174, 174, 174, 174, 174, 174, 174, 174, 174, 174]
nxp_imu.I2C.SMBus.read_i2c_block_data(33, 1, 6): [12, 12, 12, 12, 12, 12]
| -2.54 -2.54 -2.54 | -2081.8 -2081.8 -2081.8 |  192.8  192.8  192.8 |
nxp_imu.I2C.SMBus.read_i2c_block_data(31, 1, 12): [21, 21, 21, 21, 21, 21, 21, 21, 21, 21, 21, 21]
nxp_imu.I2C.SMBus.read_i2c_block_data(33, 1, 6): [240, 240, 240, 240, 240, 240]
|  0.66  0.66  0.66 |  539.7  539.7  539.7 | -241.0 -241.0 -241.0 |
nxp_imu.I2C.SMBus.read_i2c_block_data(31, 1, 12): [246, 246, 246, 246, 246, 246, 246, 246, 246, 246, 246, 246]
nxp_imu.I2C.SMBus.read_i2c_block_data(33, 1, 6): [86, 86, 86, 86, 86, 86]
| -0.28 -0.28 -0.28 | -231.4 -231.4 -231.4 | 1381.4 1381.4 1381.4 |
nxp_imu.I2C.SMBus.read_i2c_block_data(31, 1, 12): [114, 114, 114, 114, 114, 114, 114, 114, 114, 114, 114, 114]
nxp_imu.I2C.SMBus.read_i2c_block_data(33, 1, 6): [247, 247, 247, 247, 247, 247]
|  3.57  3.57  3.57 | 2929.8 2929.8 2929.8 | -128.6 -128.6 -128.6 |
nxp_imu.I2C.SMBus.read_i2c_block_data(31, 1, 12): [134, 134, 134, 134, 134, 134, 134, 134, 134, 134, 134, 134]
nxp_imu.I2C.SMBus.read_i2c_block_data(33, 1, 6): [4, 4, 4, 4, 4, 4]
| -3.79 -3.79 -3.79 | -3109.8 -3109.8 -3109.8 |   64.2   64.2   64.2 |
nxp_imu.I2C.SMBus.read_i2c_block_data(31, 1, 12): [158, 158, 158, 158, 158, 158, 158, 158, 158, 158, 158, 158]
nxp_imu.I2C.SMBus.read_i2c_block_data(33, 1, 6): [51, 51, 51, 51, 51, 51]
| -3.04 -3.04 -3.04 | -2493.0 -2493.0 -2493.0 |  819.2  819.2  819.2 |
nxp_imu.I2C.SMBus.read_i2c_block_data(31, 1, 12): [33, 33, 33, 33, 33, 33, 33, 33, 33, 33, 33, 33]
nxp_imu.I2C.SMBus.read_i2c_block_data(33, 1, 6): [255, 255, 255, 255, 255, 255]
|  1.03  1.03  1.03 |  848.1  848.1  848.1 |   -0.1   -0.1   -0.1 |
nxp_imu.I2C.SMBus.read_i2c_block_data(31, 1, 12): [150, 150, 150, 150, 150, 150, 150, 150, 150, 150, 150, 150]
nxp_imu.I2C.SMBus.read_i2c_block_data(33, 1, 6): [184, 184, 184, 184, 184, 184]
| -3.29 -3.29 -3.29 | -2698.6 -2698.6 -2698.6 | -1140.5 -1140.5 -1140.5 |
nxp_imu.I2C.SMBus.read_i2c_block_data(31, 1, 12): [192, 192, 192, 192, 192, 192, 192, 192, 192, 192, 192, 192]
nxp_imu.I2C.SMBus.read_i2c_block_data(33, 1, 6): [217, 217, 217, 217, 217, 217]
| -1.98 -1.98 -1.98 | -1619.2 -1619.2 -1619.2 | -610.4 -610.4 -610.4 |
nxp_imu.I2C.SMBus.read_i2c_block_data(31, 1, 12): [84, 84, 84, 84, 84, 84, 84, 84, 84, 84, 84, 84]
nxp_imu.I2C.SMBus.read_i2c_block_data(33, 1, 6): [52, 52, 52, 52, 52, 52]
|  2.63  2.63  2.63 | 2158.8 2158.8 2158.8 |  835.2  835.2  835.2 |
nxp_imu.I2C.SMBus.read_i2c_block_data(31, 1, 12): [25, 25, 25, 25, 25, 25, 25, 25, 25, 25, 25, 25]
nxp_imu.I2C.SMBus.read_i2c_block_data(33, 1, 6): [205, 205, 205, 205, 205, 205]
|  0.78  0.78  0.78 |  642.5  642.5  642.5 | -803.2 -803.2 -803.2 |
nxp_imu.I2C.SMBus.read_i2c_block_data(31, 1, 12): [104, 104, 104, 104, 104, 104, 104, 104, 104, 104, 104, 104]
nxp_imu.I2C.SMBus.read_i2c_block_data(33, 1, 6): [238, 238, 238, 238, 238, 238]
|  3.26  3.26  3.26 | 2672.8 2672.8 2672.8 | -273.1 -273.1 -273.1 |
nxp_imu.I2C.SMBus.read_i2c_block_data(31, 1, 12): [166, 166, 166, 166, 166, 166, 166, 166, 166, 166, 166, 166]
nxp_imu.I2C.SMBus.read_i2c_block_data(33, 1, 6): [125, 125, 125, 125, 125, 125]
| -2.79 -2.79 -2.79 | -2287.4 -2287.4 -2287.4 | 2007.8 2007.8 2007.8 |
nxp_imu.I2C.SMBus.read_i2c_block_data(31, 1, 12): [2, 2, 2, 2, 2, 2, 2, 2, 2, 2, 2, 2]
nxp_imu.I2C.SMBus.read_i2c_block_data(33, 1, 6): [232, 232, 232, 232, 232, 232]
|  0.06  0.06  0.06 |   51.4   51.4   51.4 | -369.5 -369.5 -369.5 |
nxp_imu.I2C.SMBus.read_i2c_block_data(31, 1, 12): [199, 199, 199, 199, 199, 199, 199, 199, 199, 199, 199, 199]
nxp_imu.I2C.SMBus.read_i2c_block_data(33, 1, 6): [226, 226, 226, 226, 226, 226]
| -1.76 -1.76 -1.76 | -1439.3 -1439.3 -1439.3 | -465.9 -465.9 -465.9 |
nxp_imu.I2C.SMBus.read_i2c_block_data(31, 1, 12): [72, 72, 72, 72, 72, 72, 72, 72, 72, 72, 72, 72]
nxp_imu.I2C.SMBus.read_i2c_block_data(33, 1, 6): [62, 62, 62, 62, 62, 62]
|  2.26  2.26  2.26 | 1850.4 1850.4 1850.4 |  995.9  995.9  995.9 |
nxp_imu.I2C.SMBus.read_i2c_block_data(31, 1, 12): [155, 155, 155, 155, 155, 155, 155, 155, 155, 155, 155, 155]
nxp_imu.I2C.SMBus.read_i2c_block_data(33, 1, 6): [119, 119, 119, 119, 119, 119]
| -3.14 -3.14 -3.14 | -2570.1 -2570.1 -2570.1 | 1911.4 1911.4 1911.4 |
nxp_imu.I2C.SMBus.read_i2c_block_data(31, 1, 12): [80, 80, 80, 80, 80, 80, 80, 80, 80, 80, 80, 80]
nxp_imu.I2C.SMBus.read_i2c_block_data(33, 1, 6): [205, 205, 205, 205, 205, 205]
|  2.51  2.51  2.51 | 2056.0 2056.0 2056.0 | -803.2 -803.2 -803.2 |
nxp_imu.I2C.SMBus.read_i2c_block_data(31, 1, 12): [80, 80, 80, 80, 80, 80, 80, 80, 80, 80, 80, 80]
nxp_imu.I2C.SMBus.read_i2c_block_data(33, 1, 6): [111, 111, 111, 111, 111, 111]
|  2.51  2.51  2.51 | 2056.0 2056.0 2056.0 | 1782.9 1782.9 1782.9 |
nxp_imu.I2C.SMBus.read_i2c_block_data(31, 1, 12): [242, 242, 242, 242, 242, 242, 242, 242, 242, 242, 242, 242]
nxp_imu.I2C.SMBus.read_i2c_block_data(33, 1, 6): [82, 82, 82, 82, 82, 82]
| -0.41 -0.41 -0.41 | -334.2 -334.2 -334.2 | 1317.1 1317.1 1317.1 |
nxp_imu.I2C.SMBus.read_i2c_block_data(31, 1, 12): [54, 54, 54, 54, 54, 54, 54, 54, 54, 54, 54, 54]
nxp_imu.I2C.SMBus.read_i2c_block_data(33, 1, 6): [131, 131, 131, 131, 131, 131]
|  1.69  1.69  1.69 | 1387.8 1387.8 1387.8 | -1991.8 -1991.8 -1991.8 |
nxp_imu.I2C.SMBus.read_i2c_block_data(31, 1, 12): [157, 157, 157, 157, 157, 157, 157, 157, 157, 157, 157, 157]
nxp_imu.I2C.SMBus.read_i2c_block_data(33, 1, 6): [2, 2, 2, 2, 2, 2]
| -3.07 -3.07 -3.07 | -2518.7 -2518.7 -2518.7 |   32.1   32.1   32.1 |
nxp_imu.I2C.SMBus.read_i2c_block_data(31, 1, 12): [173, 173, 173, 173, 173, 173, 173, 173, 173, 173, 173, 173]
nxp_imu.I2C.SMBus.read_i2c_block_data(33, 1, 6): [163, 163, 163, 163, 163, 163]
| -2.57 -2.57 -2.57 | -2107.5 -2107.5 -2107.5 | -1477.8 -1477.8 -1477.8 |
nxp_imu.I2C.SMBus.read_i2c_block_data(31, 1, 12): [112, 112, 112, 112, 112, 112, 112, 112, 112, 112, 112, 112]
nxp_imu.I2C.SMBus.read_i2c_block_data(33, 1, 6): [18, 18, 18, 18, 18, 18]
|  3.51  3.51  3.51 | 2878.4 2878.4 2878.4 |  289.1  289.1  289.1 |
nxp_imu.I2C.SMBus.read_i2c_block_data(31, 1, 12): [159, 159, 159, 159, 159, 159, 159, 159, 159, 159, 159, 159]
nxp_imu.I2C.SMBus.read_i2c_block_data(33, 1, 6): [42, 42, 42, 42, 42, 42]
| -3.01 -3.01 -3.01 | -2467.3 -2467.3 -2467.3 |  674.6  674.6  674.6 |
nxp_imu.I2C.SMBus.read_i2c_block_data(31, 1, 12): [100, 100, 100, 100, 100, 100, 100, 100, 100, 100, 100, 100]
nxp_imu.I2C.SMBus.read_i2c_block_data(33, 1, 6): [170, 170, 170, 170, 170, 170]
|  3.14  3.14  3.14 | 2570.0 2570.0 2570.0 | -1365.4 -1365.4 -1365.4 |
nxp_imu.I2C.SMBus.read_i2c_block_data(31, 1, 12): [105, 105, 105, 105, 105, 105, 105, 105, 105, 105, 105, 105]
nxp_imu.I2C.SMBus.read_i2c_block_data(33, 1, 6): [115, 115, 115, 115, 115, 115]
|  3.29  3.29  3.29 | 2698.5 2698.5 2698.5 | 1847.2 1847.2 1847.2 |
nxp_imu.I2C.SMBus.read_i2c_block_data(31, 1, 12): [253, 253, 253, 253, 253, 253, 253, 253, 253, 253, 253, 253]
nxp_imu.I2C.SMBus.read_i2c_block_data(33, 1, 6): [187, 187, 187, 187, 187, 187]
| -0.06 -0.06 -0.06 |  -51.5  -51.5  -51.5 | -1092.3 -1092.3 -1092.3 |
nxp_imu.I2C.SMBus.read_i2c_block_data(31, 1, 12): [139, 139, 139, 139, 139, 139, 139, 139, 139, 139, 139, 139]
nxp_imu.I2C.SMBus.read_i2c_block_data(33, 1, 6): [75, 75, 75, 75, 75, 75]
| -3.64 -3.64 -3.64 | -2981.3 -2981.3 -2981.3 | 1204.7 1204.7 1204.7 |
nxp_imu.I2C.SMBus.read_i2c_block_data(31, 1, 12): [14, 14, 14, 14, 14, 14, 14, 14, 14, 14, 14, 14]
nxp_imu.I2C.SMBus.read_i2c_block_data(33, 1, 6): [196, 196, 196, 196, 196, 196]
|  0.44  0.44  0.44 |  359.8  359.8  359.8 | -947.8 -947.8 -947.8 |
nxp_imu.I2C.SMBus.read_i2c_block_data(31, 1, 12): [20, 20, 20, 20, 20, 20, 20, 20, 20, 20, 20, 20]
nxp_imu.I2C.SMBus.read_i2c_block_data(33, 1, 6): [39, 39, 39, 39, 39, 39]
|  0.63  0.63  0.63 |  514.0  514.0  514.0 |  626.4  626.4  626.4 |
nxp_imu.I2C.SMBus.read_i2c_block_data(31, 1, 12): [146, 146, 146, 146, 146, 146, 146, 146, 146, 146, 146, 146]
nxp_imu.I2C.SMBus.read_i2c_block_data(33, 1, 6): [24, 24, 24, 24, 24, 24]
| -3.42 -3.42 -3.42 | -2801.4 -2801.4 -2801.4 |  385.5  385.5  385.5 |
nxp_imu.I2C.SMBus.read_i2c_block_data(31, 1, 12): [28, 28, 28, 28, 28, 28, 28, 28, 28, 28, 28, 28]
nxp_imu.I2C.SMBus.read_i2c_block_data(33, 1, 6): [210, 210, 210, 210, 210, 210]
|  0.88  0.88  0.88 |  719.6  719.6  719.6 | -722.9 -722.9 -722.9 |
nxp_imu.I2C.SMBus.read_i2c_block_data(31, 1, 12): [171, 171, 171, 171, 171, 171, 171, 171, 171, 171, 171, 171]
nxp_imu.I2C.SMBus.read_i2c_block_data(33, 1, 6): [59, 59, 59, 59, 59, 59]
| -2.63 -2.63 -2.63 | -2158.9 -2158.9 -2158.9 |  947.7  947.7  947.7 |
nxp_imu.I2C.SMBus.read_i2c_block_data(31, 1, 12): [18, 18, 18, 18, 18, 18, 18, 18, 18, 18, 18, 18]
nxp_imu.I2C.SMBus.read_i2c_block_data(33, 1, 6): [240, 240, 240, 240, 240, 240]
|  0.56  0.56  0.56 |  462.6  462.6  462.6 | -241.0 -241.0 -241.0 |
nxp_imu.I2C.SMBus.read_i2c_block_data(31, 1, 12): [44, 44, 44, 44, 44, 44, 44, 44, 44, 44, 44, 44]
nxp_imu.I2C.SMBus.read_i2c_block_data(33, 1, 6): [132, 132, 132, 132, 132, 132]
|  1.38  1.38  1.38 | 1130.8 1130.8 1130.8 | -1975.8 -1975.8 -1975.8 |
nxp_imu.I2C.SMBus.read_i2c_block_data(31, 1, 12): [191, 191, 191, 191, 191, 191, 191, 191, 191, 191, 191, 191]
nxp_imu.I2C.SMBus.read_i2c_block_data(33, 1, 6): [230, 230, 230, 230, 230, 230]
| -2.01 -2.01 -2.01 | -1644.9 -1644.9 -1644.9 | -401.6 -401.6 -401.6 |
nxp_imu.I2C.SMBus.read_i2c_block_data(31, 1, 12): [45, 45, 45, 45, 45, 45, 45, 45, 45, 45, 45, 45]
nxp_imu.I2C.SMBus.read_i2c_block_data(33, 1, 6): [148, 148, 148, 148, 148, 148]
|  1.41  1.41  1.41 | 1156.5 1156.5 1156.5 | -1718.8 -1718.8 -1718.8 |
nxp_imu.I2C.SMBus.read_i2c_block_data(31, 1, 12): [128, 128, 128, 128, 128, 128, 128, 128, 128, 128, 128, 128]
nxp_imu.I2C.SMBus.read_i2c_block_data(33, 1, 6): [134, 134, 134, 134, 134, 134]
| -3.98 -3.98 -3.98 | -3264.0 -3264.0 -3264.0 | -1943.6 -1943.6 -1943.6 |
nxp_imu.I2C.SMBus.read_i2c_block_data(31, 1, 12): [107, 107, 107, 107, 107, 107, 107, 107, 107, 107, 107, 107]
nxp_imu.I2C.SMBus.read_i2c_block_data(33, 1, 6): [185, 185, 185, 185, 185, 185]
|  3.35  3.35  3.35 | 2749.9 2749.9 2749.9 | -1124.4 -1124.4 -1124.4 |
nxp_imu.I2C.SMBus.read_i2c_block_data(31, 1, 12): [179, 179, 179, 179, 179, 179, 179, 179, 179, 179, 179, 179]
nxp_imu.I2C.SMBus.read_i2c_block_data(33, 1, 6): [172, 172, 172, 172, 172, 172]
| -2.38 -2.38 -2.38 | -1953.3 -1953.3 -1953.3 | -1333.2 -1333.2 -1333.2 |
nxp_imu.I2C.SMBus.read_i2c_block_data(31, 1, 12): [187, 187, 187, 187, 187, 187, 187, 187, 187, 187, 187, 187]
nxp_imu.I2C.SMBus.read_i2c_block_data(33, 1, 6): [9, 9, 9, 9, 9, 9]
| -2.13 -2.13 -2.13 | -1747.7 -1747.7 -1747.7 |  144.6  144.6  144.6 |
nxp_imu.I2C.SMBus.read_i2c_block_data(31, 1, 12): [15, 15, 15, 15, 15, 15, 15, 15, 15, 15, 15, 15]
nxp_imu.I2C.SMBus.read_i2c_block_data(33, 1, 6): [254, 254, 254, 254, 254, 254]
|  0.47  0.47  0.47 |  385.5  385.5  385.5 |  -16.1  -16.1  -16.1 |
nxp_imu.I2C.SMBus.read_i2c_block_data(31, 1, 12): [226, 226, 226, 226, 226, 226, 226, 226, 226, 226, 226, 226]
nxp_imu.I2C.SMBus.read_i2c_block_data(33, 1, 6): [241, 241, 241, 241, 241, 241]
| -0.91 -0.91 -0.91 | -745.4 -745.4 -745.4 | -224.9 -224.9 -224.9 |
nxp_imu.I2C.SMBus.read_i2c_block_data(31, 1, 12): [192, 192, 192, 192, 192, 192, 192, 192, 192, 192, 192, 192]
nxp_imu.I2C.SMBus.read_i2c_block_data(33, 1, 6): [65, 65, 65, 65, 65, 65]
| -1.98 -1.98 -1.98 | -1619.2 -1619.2 -1619.2 | 1044.1 1044.1 1044.1 |
nxp_imu.I2C.SMBus.read_i2c_block_data(31, 1, 12): [22, 22, 22, 22, 22, 22, 22, 22, 22, 22, 22, 22]
nxp_imu.I2C.SMBus.read_i2c_block_data(33, 1, 6): [200, 200, 200, 200, 200, 200]
|  0.69  0.69  0.69 |  565.4  565.4  565.4 | -883.5 -883.5 -883.5 |
nxp_imu.I2C.SMBus.read_i2c_block_data(31, 1, 12): [218, 218, 218, 218, 218, 218, 218, 218, 218, 218, 218, 218]
nxp_imu.I2C.SMBus.read_i2c_block_data(33, 1, 6): [70, 70, 70, 70, 70, 70]
| -1.16 -1.16 -1.16 | -951.0 -951.0 -951.0 | 1124.4 1124.4 1124.4 |
nxp_imu.I2C.SMBus.read_i2c_block_data(31, 1, 12): [141, 141, 141, 141, 141, 141, 141, 141, 141, 141, 141, 141]
nxp_imu.I2C.SMBus.read_i2c_block_data(33, 1, 6): [48, 48, 48, 48, 48, 48]
| -3.57 -3.57 -3.57 | -2929.9 -2929.9 -2929.9 |  771.0  771.0  771.0 |
nxp_imu.I2C.SMBus.read_i2c_block_data(31, 1, 12): [181, 181, 181, 181, 181, 181, 181, 181, 181, 181, 181, 181]
nxp_imu.I2C.SMBus.read_i2c_block_data(33, 1, 6): [235, 235, 235, 235, 235, 235]
| -2.32 -2.32 -2.32 | -1901.9 -1901.9 -1901.9 | -321.3 -321.3 -321.3 |
nxp_imu.I2C.SMBus.read_i2c_block_data(31, 1, 12): [106, 106, 106, 106, 106, 106, 106, 106, 106, 106, 106, 106]
nxp_imu.I2C.SMBus.read_i2c_block_data(33, 1, 6): [236, 236, 236, 236, 236, 236]
|  3.32  3.32  3.32 | 2724.2 2724.2 2724.2 | -305.2 -305.2 -305.2 |
nxp_imu.I2C.SMBus.read_i2c_block_data(31, 1, 12): [208, 208, 208, 208, 208, 208, 208, 208, 208, 208, 208, 208]
nxp_imu.I2C.SMBus.read_i2c_block_data(33, 1, 6): [255, 255, 255, 255, 255, 255]
| -1.47 -1.47 -1.47 | -1208.0 -1208.0 -1208.0 |   -0.1   -0.1   -0.1 |
nxp_imu.I2C.SMBus.read_i2c_block_data(31, 1, 12): [204, 204, 204, 204, 204, 204, 204, 204, 204, 204, 204, 204]
nxp_imu.I2C.SMBus.read_i2c_block_data(33, 1, 6): [170, 170, 170, 170, 170, 170]
| -1.60 -1.60 -1.60 | -1310.8 -1310.8 -1310.8 | -1365.4 -1365.4 -1365.4 |
nxp_imu.I2C.SMBus.read_i2c_block_data(31, 1, 12): [233, 233, 233, 233, 233, 233, 233, 233, 233, 233, 233, 233]
nxp_imu.I2C.SMBus.read_i2c_block_data(33, 1, 6): [255, 255, 255, 255, 255, 255]
| -0.69 -0.69 -0.69 | -565.5 -565.5 -565.5 |   -0.1   -0.1   -0.1 |
nxp_imu.I2C.SMBus.read_i2c_block_data(31, 1, 12): [175, 175, 175, 175, 175, 175, 175, 175, 175, 175, 175, 175]
nxp_imu.I2C.SMBus.read_i2c_block_data(33, 1, 6): [107, 107, 107, 107, 107, 107]
| -2.51 -2.51 -2.51 | -2056.1 -2056.1 -2056.1 | 1718.7 1718.7 1718.7 |
nxp_imu.I2C.SMBus.read_i2c_block_data(31, 1, 12): [80, 80, 80, 80, 80, 80, 80, 80, 80, 80, 80, 80]
nxp_imu.I2C.SMBus.read_i2c_block_data(33, 1, 6): [106, 106, 106, 106, 106, 106]
|  2.51  2.51  2.51 | 2056.0 2056.0 2056.0 | 1702.6 1702.6 1702.6 |
nxp_imu.I2C.SMBus.read_i2c_block_data(31, 1, 12): [233, 233, 233, 233, 233, 233, 233, 233, 233, 233, 233, 233]
nxp_imu.I2C.SMBus.read_i2c_block_data(33, 1, 6): [23, 23, 23, 23, 23, 23]
| -0.69 -0.69 -0.69 | -565.5 -565.5 -565.5 |  369.4  369.4  369.4 |
nxp_imu.I2C.SMBus.read_i2c_block_data(31, 1, 12): [128, 128, 128, 128, 128, 128, 128, 128, 128, 128, 128, 128]
nxp_imu.I2C.SMBus.read_i2c_block_data(33, 1, 6): [255, 255, 255, 255, 255, 255]
| -3.98 -3.98 -3.98 | -3264.0 -3264.0 -3264.0 |   -0.1   -0.1   -0.1 |
nxp_imu.I2C.SMBus.read_i2c_block_data(31, 1, 12): [128, 128, 128, 128, 128, 128, 128, 128, 128, 128, 128, 128]
nxp_imu.I2C.SMBus.read_i2c_block_data(33, 1, 6): [187, 187, 187, 187, 187, 187]
| -3.98 -3.98 -3.98 | -3264.0 -3264.0 -3264.0 | -1092.3 -1092.3 -1092.3 |
nxp_imu.I2C.SMBus.read_i2c_block_data(31, 1, 12): [250, 250, 250, 250, 250, 250, 250, 250, 250, 250, 250, 250]
nxp_imu.I2C.SMBus.read_i2c_block_data(33, 1, 6): [11, 11, 11, 11, 11, 11]
| -0.16 -0.16 -0.16 | -128.6 -128.6 -128.6 |  176.7  176.7  176.7 |
nxp_imu.I2C.SMBus.read_i2c_block_data(31, 1, 12): [180, 180, 180, 180, 180, 180, 180, 180, 180, 180, 180, 180]
nxp_imu.I2C.SMBus.read_i2c_block_data(33, 1, 6): [212, 212, 212, 212, 212, 212]
| -2.35 -2.35 -2.35 | -1927.6 -1927.6 -1927.6 | -690.8 -690.8 -690.8 |
nxp_imu.I2C.SMBus.read_i2c_block_data(31, 1, 12): [107, 107, 107, 107, 107, 107, 107, 107, 107, 107, 107, 107]
nxp_imu.I2C.SMBus.read_i2c_block_data(33, 1, 6): [219, 219, 219, 219, 219, 219]
|  3.35  3.35  3.35 | 2749.9 2749.9 2749.9 | -578.3 -578.3 -578.3 |
nxp_imu.I2C.SMBus.read_i2c_block_data(31, 1, 12): [221, 221, 221, 221, 221, 221, 221, 221, 221, 221, 221, 221]
nxp_imu.I2C.SMBus.read_i2c_block_data(33, 1, 6): [155, 155, 155, 155, 155, 155]
| -1.07 -1.07 -1.07 | -873.9 -873.9 -873.9 | -1606.3 -1606.3 -1606.3 |
nxp_imu.I2C.SMBus.read_i2c_block_data(31, 1, 12): [205, 205, 205, 205, 205, 205, 205, 205, 205, 205, 205, 205]
nxp_imu.I2C.SMBus.read_i2c_block_data(33, 1, 6): [85, 85, 85, 85, 85, 85]
| -1.57 -1.57 -1.57 | -1285.1 -1285.1 -1285.1 | 1365.3 1365.3 1365.3 |
nxp_imu.I2C.SMBus.read_i2c_block_data(31, 1, 12): [218, 218, 218, 218, 218, 218, 218, 218, 218, 218, 218, 218]
nxp_imu.I2C.SMBus.read_i2c_block_data(33, 1, 6): [74, 74, 74, 74, 74, 74]
| -1.16 -1.16 -1.16 | -951.0 -951.0 -951.0 | 1188.6 1188.6 1188.6 |
nxp_imu.I2C.SMBus.read_i2c_block_data(31, 1, 12): [232, 232, 232, 232, 232, 232, 232, 232, 232, 232, 232, 232]
nxp_imu.I2C.SMBus.read_i2c_block_data(33, 1, 6): [252, 252, 252, 252, 252, 252]
| -0.72 -0.72 -0.72 | -591.2 -591.2 -591.2 |  -48.2  -48.2  -48.2 |
nxp_imu.I2C.SMBus.read_i2c_block_data(31, 1, 12): [148, 148, 148, 148, 148, 148, 148, 148, 148, 148, 148, 148]
nxp_imu.I2C.SMBus.read_i2c_block_data(33, 1, 6): [245, 245, 245, 245, 245, 245]
| -3.35 -3.35 -3.35 | -2750.0 -2750.0 -2750.0 | -160.7 -160.7 -160.7 |
nxp_imu.I2C.SMBus.read_i2c_block_data(31, 1, 12): [107, 107, 107, 107, 107, 107, 107, 107, 107, 107, 107, 107]
nxp_imu.I2C.SMBus.read_i2c_block_data(33, 1, 6): [213, 213, 213, 213, 213, 213]
|  3.35  3.35  3.35 | 2749.9 2749.9 2749.9 | -674.7 -674.7 -674.7 |
nxp_imu.I2C.SMBus.read_i2c_block_data(31, 1, 12): [31, 31, 31, 31, 31, 31, 31, 31, 31, 31, 31, 31]
nxp_imu.I2C.SMBus.read_i2c_block_data(33, 1, 6): [145, 145, 145, 145, 145, 145]
|  0.97  0.97  0.97 |  796.7  796.7  796.7 | -1766.9 -1766.9 -1766.9 |
nxp_imu.I2C.SMBus.read_i2c_block_data(31, 1, 12): [142, 142, 142, 142, 142, 142, 142, 142, 142, 142, 142, 142]
nxp_imu.I2C.SMBus.read_i2c_block_data(33, 1, 6): [73, 73, 73, 73, 73, 73]
| -3.54 -3.54 -3.54 | -2904.2 -2904.2 -2904.2 | 1172.6 1172.6 1172.6 |
nxp_imu.I2C.SMBus.read_i2c_block_data(31, 1, 12): [16, 16, 16, 16, 16, 16, 16, 16, 16, 16, 16, 16]
nxp_imu.I2C.SMBus.read_i2c_block_data(33, 1, 6): [48, 48, 48, 48, 48, 48]
|  0.50  0.50  0.50 |  411.2  411.2  411.2 |  771.0  771.0  771.0 |
nxp_imu.I2C.SMBus.read_i2c_block_data(31, 1, 12): [235, 235, 235, 235, 235, 235, 235, 235, 235, 235, 235, 235]
nxp_imu.I2C.SMBus.read_i2c_block_data(33, 1, 6): [131, 131, 131, 131, 131, 131]
| -0.63 -0.63 -0.63 | -514.1 -514.1 -514.1 | -1991.8 -1991.8 -1991.8 |
nxp_imu.I2C.SMBus.read_i2c_block_data(31, 1, 12): [139, 139, 139, 139, 139, 139, 139, 139, 139, 139, 139, 139]
nxp_imu.I2C.SMBus.read_i2c_block_data(33, 1, 6): [34, 34, 34, 34, 34, 34]
| -3.64 -3.64 -3.64 | -2981.3 -2981.3 -2981.3 |  546.1  546.1  546.1 |
nxp_imu.I2C.SMBus.read_i2c_block_data(31, 1, 12): [253, 253, 253, 253, 253, 253, 253, 253, 253, 253, 253, 253]
nxp_imu.I2C.SMBus.read_i2c_block_data(33, 1, 6): [177, 177, 177, 177, 177, 177]
| -0.06 -0.06 -0.06 |  -51.5  -51.5  -51.5 | -1252.9 -1252.9 -1252.9 |
nxp_imu.I2C.SMBus.read_i2c_block_data(31, 1, 12): [228, 228, 228, 228, 228, 228, 228, 228, 228, 228, 228, 228]
nxp_imu.I2C.SMBus.read_i2c_block_data(33, 1, 6): [60, 60, 60, 60, 60, 60]
| -0.85 -0.85 -0.85 | -694.0 -694.0 -694.0 |  963.8  963.8  963.8 |
nxp_imu.I2C.SMBus.read_i2c_block_data(31, 1, 12): [177, 177, 177, 177, 177, 177, 177, 177, 177, 177, 177, 177]
nxp_imu.I2C.SMBus.read_i2c_block_data(33, 1, 6): [191, 191, 191, 191, 191, 191]
| -2.45 -2.45 -2.45 | -2004.7 -2004.7 -2004.7 | -1028.1 -1028.1 -1028.1 |
nxp_imu.I2C.SMBus.read_i2c_block_data(31, 1, 12): [132, 132, 132, 132, 132, 132, 132, 132, 132, 132, 132, 132]
nxp_imu.I2C.SMBus.read_i2c_block_data(33, 1, 6): [26, 26, 26, 26, 26, 26]
| -3.86 -3.86 -3.86 | -3161.2 -3161.2 -3161.2 |  417.6  417.6  417.6 |
nxp_imu.I2C.SMBus.read_i2c_block_data(31, 1, 12): [206, 206, 206, 206, 206, 206, 206, 206, 206, 206, 206, 206]
nxp_imu.I2C.SMBus.read_i2c_block_data(33, 1, 6): [131, 131, 131, 131, 131, 131]
| -1.54 -1.54 -1.54 | -1259.4 -1259.4 -1259.4 | -1991.8 -1991.8 -1991.8 |
nxp_imu.I2C.SMBus.read_i2c_block_data(31, 1, 12): [39, 39, 39, 39, 39, 39, 39, 39, 39, 39, 39, 39]
nxp_imu.I2C.SMBus.read_i2c_block_data(33, 1, 6): [51, 51, 51, 51, 51, 51]
|  1.22  1.22  1.22 | 1002.3 1002.3 1002.3 |  819.2  819.2  819.2 |
nxp_imu.I2C.SMBus.read_i2c_block_data(31, 1, 12): [104, 104, 104, 104, 104, 104, 104, 104, 104, 104, 104, 104]
nxp_imu.I2C.SMBus.read_i2c_block_data(33, 1, 6): [105, 105, 105, 105, 105, 105]
|  3.26  3.26  3.26 | 2672.8 2672.8 2672.8 | 1686.6 1686.6 1686.6 |
nxp_imu.I2C.SMBus.read_i2c_block_data(31, 1, 12): [76, 76, 76, 76, 76, 76, 76, 76, 76, 76, 76, 76]
nxp_imu.I2C.SMBus.read_i2c_block_data(33, 1, 6): [182, 182, 182, 182, 182, 182]
|  2.38  2.38  2.38 | 1953.2 1953.2 1953.2 | -1172.6 -1172.6 -1172.6 |
nxp_imu.I2C.SMBus.read_i2c_block_data(31, 1, 12): [208, 208, 208, 208, 208, 208, 208, 208, 208, 208, 208, 208]
nxp_imu.I2C.SMBus.read_i2c_block_data(33, 1, 6): [57, 57, 57, 57, 57, 57]
| -1.47 -1.47 -1.47 | -1208.0 -1208.0 -1208.0 |  915.6  915.6  915.6 |
nxp_imu.I2C.SMBus.read_i2c_block_data(31, 1, 12): [113, 113, 113, 113, 113, 113, 113, 113, 113, 113, 113, 113]
nxp_imu.I2C.SMBus.read_i2c_block_data(33, 1, 6): [244, 244, 244, 244, 244, 244]
|  3.54  3.54  3.54 | 2904.1 2904.1 2904.1 | -176.8 -176.8 -176.8 |
-------------------------------------------------------------------
 uT: micro Tesla
  g: gravity
dps: degrees per second

nxp_imu.I2C.SMBus.close()
nxp_imu.I2C.SMBus.close()
